              precision    recall  f1-score   support

          书籍       0.97      0.99      0.98       578
          平板       0.86      0.82      0.84      1500
          手机       0.92      0.88      0.90       348
          水果       0.94      0.91      0.92      1500
         洗发水       0.84      0.89      0.87      1500
         热水器       0.80      0.77      0.78        86
          蒙牛       1.00      1.00      1.00       305
          衣服       0.91      0.91      0.91      1500
         计算机       0.88      0.95      0.92       599
          酒店       0.99      0.98      0.99      1500

    accuracy                           0.91      9416
   macro avg       0.91      0.91      0.91      9416
weighted avg       0.91      0.91      0.91      9416
