              precision    recall  f1-score   support

          体育       1.00      0.99      1.00      1000
          财经       0.94      0.99      0.97      1000
          娱乐       0.98      0.99      0.99      1000
          家居       0.98      0.91      0.95      1000
          房产       0.95      0.89      0.92      1000
          教育       0.97      0.97      0.97      1000
          时尚       0.98      0.99      0.99      1000
          时政       0.93      0.98      0.95      1000
          游戏       0.99      0.99      0.99      1000
          科技       0.98      0.99      0.99      1000

    accuracy                           0.97     10000
   macro avg       0.97      0.97      0.97     10000
weighted avg       0.97      0.97      0.97     10000
